1-1:[-0.71063561  0.16516323  0.9905389  -0.5938919   0.97701477  0.14009191
  0.82653179 -0.60068471 -0.98980591  0.85543778  0.76268462 -0.58423512
  0.99037574 -0.94380686  0.9244392   0.859319   -0.88301162 -0.39896219
 -0.39389239  0.76596238 -0.4749697  -0.94897786 -0.29576606  0.8839122
  0.24201947 -0.47820091 -0.88554824 -0.22837021  0.58697831 -0.37527006
  0.51441711  0.74072121]
1-2:[ 1.          0.86746772  1.         -0.25925172 -0.65235105  0.96758319
  0.59874454  0.40779916 -0.90037975 -0.92567286  0.78851535 -0.9087257
 -0.98859564 -0.9655555  -0.54884674  0.82982405  0.75581195 -0.94123078
  0.94684069  0.65943219  0.43952958  0.91717917 -0.63014586  0.93428425
 -0.33197091  0.9728854  -0.43853057  0.44726972  0.99435528 -0.51976383
  0.60971164 -0.09294736]
1-3:[ 0.75898661  0.92551235  0.28210784  0.60873099  0.17468502  0.51743954
  0.50375389  0.92168258  0.78327592  0.64089198  0.30621145  0.970214
 -0.61831233  0.86803374  0.38755335  0.71028475  0.89602602  0.85703107
 -0.85722817  0.76151931 -0.88572385 -0.58531601  0.51220059  0.45459552
 -0.99467828 -0.97028177  0.83483974 -0.69487694  0.71399225 -0.00290742
 -0.53546434  0.22670797]
2-1:[-0.42075656 -0.41852567  0.29263898 -0.12677335  0.93193849 -0.50991229
  0.29395148  0.36627785 -0.57495751  0.94629739  0.97988024 -0.88295613
 -0.52636447  0.40923436  0.63514599  0.63104843 -0.94159334 -0.18535154
  0.63134571 -0.6374934   0.00963     0.97399218  0.36407605  0.86213573
  0.46808966  0.39505411 -0.58362969 -0.0366934  -0.73211907  0.09086388
  0.83971682 -0.01718185]
3-3:[-0.89234622 -0.74609285  0.84882295 -0.56387476 -0.97013762  0.15185879
  0.64778298 -0.26980189 -0.71800639 -0.88393603  0.92750983 -0.89698399
 -0.14138407  1.         -0.96907453  0.87713561 -0.74474712  0.80293896
  0.99998677  0.01932521 -0.77778339  0.96869959  0.75825615  0.72870624
 -0.93392715 -0.82379917 -0.92161848 -0.39386898 -0.3343686  -0.56944187
 -0.72623613 -0.70660703]
4-2:[-0.2917152  -0.56153682 -0.59930482 -0.76359007 -0.93325504  0.72241122
 -0.99997453 -0.93396722  0.71210541  0.84362819 -0.76506882 -0.98986537
  0.59273397  0.696508   -0.54090776 -0.16442767 -0.98615265 -0.93916529
 -0.94131248 -0.99905035  0.82848913  0.99853326 -0.97368441 -0.9888306
 -0.27172632  0.74912739  0.74794648 -0.85210978  0.98980281  0.83377139
 -0.43902735 -0.98177481]
1-1:[-1.          1.         -1.         -1.         -1.         -1.
 -1.         -1.         -1.         -1.         -1.          1.
  1.         -1.          0.37019877  1.          1.         -1.
 -1.          1.          1.         -1.         -0.72304549 -0.62071659
  1.         -1.         -1.         -0.32534369 -1.         -1.
 -1.         -1.        ]
